274 274 274 274 274 274 274 274 274 274 274 274 274 273 274 273 274 273 273 273 273 273 273 273 273 273 273 273 273 273 273 273 273 273 273 273 273 273 273 273 272 272 272 272 272 272 272 272 272 272 272 272 272 272 272 272 272 272 272 272 271 271 271 271 271 271 271 271 271 271 271 271 271 271 271 271 271 271 271 270 271 270 270 270 270 270 270 270 270 270 270 270 270 270 270 270 270 270 270 270
274 274 274 274 274 274 274 274 274 274 274 274 274 274 274 273 273 274 273 273 274 273 273 273 273 273 273 273 273 273 273 273 273 273 273 273 273 273 273 273 273 273 272 272 272 272 272 272 272 272 272 272 272 272 272 272 272 272 272 272 272 272 272 272 271 271 271 271 271 271 271 271 271 271 271 271 271 271 271 271 271 271 271 270 270 270 270 270 270 270 270 270 270 270 270 270 270 270 270 270
274 274 274 274 274 274 274 274 274 274 274 274 274 274 274 274 274 274 274 273 273 273 273 273 273 273 273 273 273 273 273 273 273 273 273 273 273 273 273 273 273 272 273 273 272 272 272 272 272 272 272 272 272 272 272 272 272 272 272 272 272 272 271 272 271 271 271 271 271 271 271 271 271 271 271 271 271 271 271 271 270 270 271 270 270 271 270 270 270 270 270 270 270 270 270 270 270 270 270 270
274 274 274 274 274 274 274 274 274 274 274 274 274 274 274 274 274 273 274 273 273 274 273 273 273 273 273 273 273 273 273 273 273 273 273 273 273 273 273 273 273 273 273 272 272 272 272 272 272 272 272 272 272 272 272 272 272 272 272 272 272 272 272 271 271 271 271 271 271 271 271 271 271 271 271 271 271 271 271 271 271 271 271 271 270 270 270 270 270 270 270 270 270 270 270 270 270 270 270 270
274 274 274 274 274 274 274 274 274 274 274 274 274 274 274 274 274 273 274 274 274 273 273 273 273 273 273 273 273 273 273 273 273 273 273 273 273 273 273 273 273 273 273 273 273 272 272 272 272 272 272 272 272 272 272 272 272 272 272 272 272 272 272 271 272 271 271 271 271 271 271 271 271 271 271 271 271 271 271 271 270 271 271 271 270 270 270 270 270 270 270 270 270 270 270 270 270 270 270 270
274 274 274 274 274 274 274 274 274 274 274 274 274 274 274 274 274 274 274 274 273 273 273 273 273 273 273 273 273 273 273 273 273 273 273 273 273 273 273 273 273 273 273 273 273 273 273 272 272 272 272 272 272 272 272 272 272 272 272 272 272 271 272 272 272 271 271 271 271 271 271 271 271 271 271 271 271 271 271 271 271 271 271 271 271 271 270 270 270 270 270 270 270 270 270 270 270 270 270 270
274 274 274 274 274 274 274 274 274 274 274 274 274 274 274 274 274 274 274 274 273 273 274 273 273 273 273 273 273 273 273 273 273 273 273 273 273 273 273 273 273 273 273 273 273 273 272 272 272 272 272 272 272 272 272 272 272 272 272 272 272 272 271 271 271 272 272 272 271 271 271 271 271 271 271 271 271 271 271 271 271 271 271 271 270 270 271 271 270 270 270 270 270 270 270 270 270 270 270 270
274 274 274 274 274 274 274 274 274 274 274 274 274 274 274 274 274 274 274 274 274 273 273 273 273 273 273 273 273 273 273 273 273 273 273 273 273 273 273 273 273 273 273 273 273 273 273 272 272 272 272 272 272 272 272 272 272 272 272 272 272 272 272 272 272 272 271 271 271 271 271 271 271 271 271 271 271 271 271 271 271 271 271 271 271 270 270 270 270 270 270 270 270 270 270 270 270 270 270 270
274 274 274 274 274 274 274 274 274 274 274 274 274 274 274 274 274 274 274 274 274 274 273 273 273 273 273 273 273 273 273 273 273 273 273 273 273 273 273 273 273 273 273 273 273 273 273 272 272 272 272 272 272 272 272 272 272 272 272 272 272 272 272 272 272 272 272 272 271 271 271 271 271 271 271 271 271 271 271 271 271 271 271 271 271 271 270 270 270 271 270 270 270 270 270 270 270 270 270 270
274 274 274 274 274 274 274 274 274 274 274 274 274 274 274 274 274 274 274 274 274 274 273 273 273 274 273 273 273 273 273 273 273 273 273 273 273 273 273 273 273 273 273 273 273 273 273 273 272 272 272 272 272 272 272 272 272 272 272 272 272 272 272 272 272 272 272 271 271 271 271 271 271 271 271 271 271 271 271 271 271 271 271 271 271 270 271 270 270 270 271 270 270 270 270 270 270 270 270 270
274 274 274 274 274 274 274 274 274 274 274 274 274 274 274 274 274 274 274 274 274 274 274 273 273 273 273 273 273 273 273 273 273 273 273 273 273 273 273 273 273 273 273 273 273 273 273 273 273 273 272 272 272 272 272 272 272 272 272 272 272 272 272 272 271 271 272 272 271 271 271 271 271 271 271 271 271 271 271 271 271 271 271 271 271 271 271 270 270 270 270 270 270 270 270 270 270 270 270 270
274 274 274 274 274 274 274 274 274 274 274 274 274 274 274 274 274 274 274 274 274 274 274 274 273 274 273 273 273 273 273 273 273 273 273 273 273 273 273 273 273 273 273 273 273 273 273 273 273 273 272 273 272 272 272 272 272 272 272 272 272 272 272 272 272 272 272 272 272 271 272 271 271 271 271 271 271 271 271 271 271 271 271 271 271 271 271 270 270 271 270 270 270 270 270 270 270 270 270 270
274 274 274 274 274 274 274 274 274 274 274 274 274 274 274 274 274 274 274 274 274 274 274 274 274 273 274 273 274 273 273 273 273 273 273 273 273 273 273 273 273 273 273 273 273 273 273 273 273 273 272 272 272 272 272 272 272 272 272 272 272 272 272 272 272 272 272 271 272 272 272 272 271 271 271 271 271 271 271 271 271 271 271 271 271 271 271 271 271 271 270 270 270 270 270 270 270 270 270 270
274 274 274 274 274 274 274 274 274 274 274 274 274 274 274 274 274 274 274 274 274 274 274 274 274 274 274 273 273 273 273 273 273 273 273 273 273 273 273 273 273 273 273 273 273 273 273 273 273 273 273 272 272 272 272 272 272 272 272 272 272 272 272 272 272 272 272 272 272 272 271 272 271 271 271 271 271 271 271 271 271 271 271 271 271 271 271 271 270 270 270 270 270 271 270 270 270 270 270 270
275 274 274 274 274 274 274 274 274 274 274 274 274 274 274 274 274 274 274 274 274 274 274 274 274 273 273 273 273 274 273 273 273 273 273 273 273 273 273 273 273 273 273 273 273 273 273 273 273 273 273 273 272 272 272 272 272 272 272 272 272 272 272 272 272 272 272 272 272 272 272 271 271 271 271 271 271 271 271 271 271 271 271 271 271 271 271 271 271 271 271 271 271 270 270 270 270 270 270 270
274 275 274 274 274 274 274 274 274 274 274 274 274 274 274 274 274 274 274 274 274 274 274 274 274 274 274 274 273 273 273 273 273 273 273 273 273 273 273 273 273 273 273 273 273 273 273 273 273 273 273 273 273 273 272 272 272 272 272 272 272 272 272 272 272 272 272 272 272 272 272 272 271 271 271 271 271 271 271 271 271 271 271 271 271 271 271 271 271 271 271 271 271 270 270 270 270 270 270 270
274 275 274 274 274 274 274 274 274 274 274 274 274 274 274 274 274 274 274 274 274 274 274 274 274 274 274 273 273 273 273 273 273 273 273 273 273 273 273 273 273 273 273 273 273 273 273 273 273 273 273 273 273 272 272 272 272 272 272 272 272 272 272 272 272 272 272 272 272 272 272 272 271 271 271 271 271 271 271 271 271 271 271 271 271 271 271 271 271 271 271 270 271 271 270 270 270 270 270 270
275 275 275 274 274 274 274 274 274 274 274 274 274 274 274 274 274 274 274 274 274 274 274 274 273 274 274 273 273 273 273 273 273 273 273 273 273 273 273 273 273 273 273 273 273 273 273 273 273 273 273 273 272 272 273 272 272 272 272 272 272 272 272 272 272 272 272 272 272 272 272 272 271 272 272 271 272 271 271 271 271 271 271 271 271 271 271 271 271 271 271 271 271 271 270 270 270 270 270 270
275 275 274 274 274 274 274 274 274 274 274 274 274 274 274 274 274 274 274 274 274 274 274 274 274 274 274 274 273 273 273 273 273 273 273 273 273 273 273 273 273 273 273 273 273 273 273 273 273 273 273 273 273 273 272 272 272 272 272 272 272 272 272 272 272 272 272 272 272 272 272 272 272 271 272 271 272 271 271 271 271 271 271 271 271 271 271 271 271 271 271 271 271 271 270 271 270 270 270 270
275 275 274 275 274 274 274 274 274 274 274 274 274 274 274 274 274 274 274 274 274 274 274 274 274 274 274 274 274 274 273 274 273 273 273 273 273 273 273 273 273 273 273 273 273 273 273 273 273 273 273 273 272 273 273 272 272 272 272 272 272 272 272 272 272 272 272 272 272 272 272 272 272 271 271 272 271 271 271 271 271 271 271 271 271 271 271 271 271 271 271 271 271 271 271 270 271 270 270 270
275 275 275 275 274 274 274 275 274 274 274 274 274 274 274 274 274 274 274 274 274 274 274 274 274 274 274 274 274 273 274 273 273 273 273 273 273 273 273 273 273 273 273 273 273 273 273 273 273 273 273 273 273 273 273 273 273 273 272 272 272 272 272 272 272 272 272 272 272 272 272 272 272 272 272 272 271 271 271 271 271 271 271 271 271 271 271 271 271 271 271 271 271 271 271 271 270 270 270 270
275 275 275 275 275 275 274 275 275 274 274 274 274 274 274 274 274 274 274 274 274 274 274 274 274 274 274 274 274 274 274 273 273 274 273 274 273 273 273 273 273 273 273 273 273 273 273 273 273 273 273 273 273 273 273 273 273 273 273 272 272 272 272 272 272 272 272 272 272 272 272 272 272 272 272 272 271 272 271 271 271 271 271 271 271 271 271 271 271 271 271 271 271 271 271 271 271 271 270 270
275 275 275 275 275 275 275 274 274 275 274 275 274 274 274 274 274 274 274 274 274 274 274 274 274 274 274 274 274 274 274 274 273 273 273 274 273 273 273 273 273 273 273 273 273 273 273 273 273 273 273 273 273 273 273 273 273 273 273 272 272 272 272 272 272 272 272 272 272 272 272 272 272 272 272 272 271 271 271 272 272 271 271 271 271 271 271 271 271 271 271 271 271 271 271 271 270 271 270 270
275 275 275 275 275 275 275 275 275 274 274 275 275 274 274 274 274 274 274 274 274 274 274 274 274 274 274 274 274 274 274 274 274 274 274 273 273 273 273 273 273 273 273 273 273 273 273 273 273 273 273 273 273 273 273 273 273 272 273 273 272 272 272 272 272 272 272 272 272 272 272 272 272 272 272 272 272 272 271 271 272 271 271 271 271 271 271 271 271 271 271 271 271 271 271 271 271 271 271 270
275 275 275 275 275 275 275 275 275 275 274 274 274 274 274 274 274 275 274 274 274 274 274 274 274 274 274 274 274 274 274 274 274 274 274 274 274 273 273 273 273 273 273 273 273 273 273 273 273 273 273 273 273 273 273 273 273 273 272 273 273 272 272 272 272 272 272 272 272 272 272 272 272 272 272 272 271 271 272 272 272 271 271 271 271 271 271 271 271 271 271 271 271 271 271 271 271 270 271 271
275 275 275 275 275 275 275 274 275 274 274 274 274 274 274 274 274 274 274 274 274 274 274 274 274 274 274 274 274 274 274 274 274 274 274 274 274 273 273 273 273 273 273 273 273 273 273 273 273 273 273 273 273 273 273 273 273 273 273 273 272 272 272 272 272 272 272 272 272 272 272 272 272 272 272 272 272 272 272 272 271 271 271 271 271 271 271 271 271 271 271 271 271 271 271 271 271 271 271 270
275 275 275 275 275 275 275 275 275 275 275 274 274 274 274 274 274 274 274 274 274 274 274 274 274 274 274 274 274 274 274 274 274 274 274 274 273 273 273 273 273 273 273 273 273 273 273 273 273 273 273 273 273 273 273 273 273 273 273 273 273 272 272 272 272 272 272 272 272 272 272 272 272 272 272 272 272 272 272 272 272 271 271 271 271 271 271 271 271 271 271 271 271 271 271 271 271 271 271 271
275 275 275 275 275 275 275 274 275 275 274 275 275 274 274 274 274 274 274 274 274 274 274 274 274 274 274 274 274 274 274 274 274 274 274 274 273 273 273 273 273 273 273 273 273 273 273 273 273 273 273 273 273 273 273 273 273 273 273 273 273 272 272 272 272 272 272 272 272 272 272 272 272 272 272 272 272 272 272 272 271 271 271 271 271 271 271 271 271 271 271 271 271 271 271 271 271 271 271 271
275 275 275 275 275 275 275 275 275 275 275 274 275 274 274 274 274 274 274 274 274 274 274 274 274 274 274 274 274 274 274 274 274 274 274 274 273 273 273 273 273 273 273 273 273 273 273 273 273 273 273 273 273 273 273 273 273 273 272 272 273 272 272 273 272 272 272 272 272 272 272 272 272 272 272 272 272 272 272 272 272 271 271 271 271 271 271 271 271 271 271 271 271 271 271 271 271 271 271 271
275 275 275 275 275 275 275 275 275 275 275 275 275 275 275 274 274 274 274 274 274 274 274 274 274 274 274 274 274 274 274 274 274 274 274 274 274 274 273 273 273 273 273 273 273 273 273 273 273 273 273 273 273 273 273 273 273 273 273 272 273 273 272 272 272 272 272 272 272 272 272 272 272 272 272 272 272 272 272 272 272 272 272 271 271 271 271 271 271 271 271 271 271 271 271 271 271 271 271 271
275 275 275 275 275 275 275 275 275 275 275 275 275 275 275 274 274 274 274 274 274 274 274 274 274 274 274 274 274 274 274 274 274 274 274 274 274 274 274 273 273 273 273 273 273 273 273 273 273 273 273 273 273 273 273 273 273 273 273 273 273 273 272 272 273 272 272 273 272 272 272 272 272 272 272 272 272 272 272 272 271 272 271 272 271 271 271 271 271 271 271 271 271 271 271 271 271 271 271 271
275 275 275 275 275 275 275 275 275 275 275 275 275 275 274 275 275 274 274 275 274 274 274 274 274 274 274 274 274 274 274 274 274 274 274 274 274 274 274 274 273 273 273 273 273 273 273 273 273 273 273 273 273 273 273 273 273 273 273 273 273 273 273 273 272 272 273 272 272 272 272 272 272 272 272 272 272 272 272 272 272 272 271 271 271 271 271 271 271 271 271 271 271 271 271 271 271 271 271 271
275 275 275 275 275 275 275 275 275 275 275 275 275 275 274 274 274 274 275 274 274 274 274 274 274 274 274 274 274 274 274 274 274 274 274 274 274 274 274 274 273 273 274 274 273 273 273 273 273 273 273 273 273 273 273 273 273 273 273 273 273 273 272 272 272 272 272 272 272 272 272 272 272 272 272 272 272 272 272 272 272 272 272 272 272 271 272 271 271 271 271 271 271 271 271 271 271 271 271 271
275 275 275 275 275 275 275 275 275 275 275 275 275 275 275 274 274 275 274 274 274 274 274 274 274 274 274 274 274 274 274 274 274 274 274 274 274 274 274 274 274 274 273 273 273 273 273 273 273 273 273 273 273 273 273 273 273 273 273 273 273 273 273 273 273 273 273 272 272 272 272 272 272 272 272 272 272 272 272 272 272 272 272 272 271 272 271 271 271 271 271 271 271 271 271 271 271 271 271 271
275 275 275 275 275 275 275 275 275 275 275 275 275 275 275 275 275 275 274 274 274 274 274 274 274 274 274 274 274 274 274 274 274 274 274 274 274 274 274 274 274 274 274 273 273 273 273 273 273 273 273 273 273 273 273 273 273 273 273 273 273 273 273 273 273 273 273 273 273 272 272 272 272 272 272 272 272 272 272 272 272 272 272 272 271 272 271 271 271 271 271 271 271 271 271 271 271 271 271 271
275 275 275 275 275 275 275 275 275 275 275 275 275 275 275 275 275 275 275 274 274 274 274 274 274 274 274 274 274 274 274 274 274 274 274 274 274 274 274 274 273 274 274 273 273 273 273 273 273 273 273 273 273 273 273 273 273 273 273 273 273 273 273 273 273 273 273 272 272 272 273 272 272 272 272 272 272 272 272 272 272 272 272 272 272 272 272 271 271 271 271 271 271 271 271 271 271 271 271 271
275 275 275 275 275 275 275 275 275 275 275 275 275 275 275 275 275 275 274 274 274 275 274 274 274 274 274 274 274 274 274 274 274 274 274 274 274 274 274 274 274 274 273 273 274 273 273 273 273 273 273 273 273 273 273 273 273 273 273 273 273 273 273 273 273 273 272 273 273 273 272 272 272 272 272 272 272 272 272 272 272 272 272 272 272 272 272 271 271 271 271 271 271 271 271 271 271 271 271 271
276 275 275 275 275 275 275 275 275 275 275 275 275 275 275 275 275 275 275 274 274 274 274 274 274 274 274 274 274 274 274 274 274 274 274 274 274 274 274 274 274 274 274 274 274 273 273 274 273 273 273 273 273 273 273 273 273 273 273 273 273 273 273 273 273 273 273 273 272 272 273 272 272 272 272 272 272 272 272 272 272 272 272 272 272 272 272 272 272 272 271 271 271 271 271 271 271 271 271 271
275 275 275 275 275 275 275 275 275 275 275 275 275 275 275 275 275 275 275 275 274 275 274 274 274 274 274 274 274 274 274 274 274 274 274 274 274 274 274 274 274 274 274 274 274 274 273 273 273 273 273 273 273 273 273 273 273 273 273 273 273 273 273 273 273 273 273 273 273 273 272 272 272 272 272 272 272 272 272 272 272 272 272 272 272 272 272 272 271 271 271 271 271 271 271 271 271 271 271 271
275 275 276 275 275 275 275 275 275 275 275 275 275 275 275 275 275 275 275 275 275 274 275 274 274 275 274 274 274 274 274 274 274 274 274 274 274 274 274 274 274 274 274 274 274 274 273 274 273 273 273 273 273 273 273 273 273 273 273 273 273 273 273 273 273 273 273 273 273 273 273 272 272 272 272 272 272 272 272 272 272 272 272 272 272 272 272 272 272 271 272 271 271 271 271 271 271 271 271 271
275 276 275 275 275 275 275 275 275 275 275 275 275 275 275 275 275 275 275 275 274 274 274 275 274 274 274 274 274 274 274 274 274 274 274 274 274 274 274 274 274 274 274 274 274 274 274 273 273 273 274 273 274 273 273 273 273 273 273 273 273 273 273 273 273 273 273 273 273 273 272 272 273 272 272 272 272 272 272 272 272 272 272 272 272 272 272 272 272 272 271 271 271 271 271 271 271 271 271 271
276 275 275 275 275 275 275 275 275 275 275 275 275 275 275 275 275 275 275 275 275 275 275 274 274 274 274 274 274 274 274 274 274 274 274 274 274 274 274 274 274 274 274 274 274 274 274 273 273 273 273 273 273 273 274 273 273 273 273 273 273 273 273 273 273 273 273 273 273 273 273 273 273 273 272 272 272 272 272 272 272 272 272 272 272 272 272 272 272 272 272 271 271 271 271 271 271 271 271 271
276 275 275 275 275 275 275 275 275 275 275 275 275 275 275 275 275 275 275 275 275 275 275 275 275 274 274 274 275 274 274 274 274 274 274 274 274 274 274 274 274 274 274 274 274 274 274 274 274 274 273 273 273 273 273 273 273 273 273 273 273 273 273 273 273 273 273 273 273 273 273 273 273 273 273 272 272 272 272 272 272 272 272 272 272 272 272 272 272 272 272 272 271 271 271 271 271 271 271 271
276 275 275 275 275 275 275 275 275 275 275 275 275 275 275 275 275 275 275 275 275 275 274 275 275 274 274 274 274 274 274 274 274 274 274 274 274 274 274 274 274 274 274 274 274 274 274 274 273 273 274 273 273 273 273 273 273 273 273 273 273 273 273 273 273 273 273 273 273 273 273 273 273 273 273 272 272 272 272 272 272 272 272 272 272 272 272 272 272 272 271 272 271 271 271 271 271 271 271 271
275 276 275 275 275 275 275 275 275 275 275 275 275 275 275 275 275 275 275 275 275 275 275 275 274 274 274 275 275 274 274 274 274 274 274 274 274 274 274 274 274 274 274 274 274 274 274 274 274 274 273 273 273 274 273 273 273 273 273 273 273 273 273 273 273 273 273 273 273 273 273 273 273 273 273 272 272 272 272 272 272 272 272 272 272 272 272 272 272 272 272 272 272 272 271 271 271 271 271 271
276 276 276 275 275 275 275 275 275 275 275 275 275 275 275 275 275 275 275 275 275 275 275 275 275 275 274 275 275 275 275 274 274 274 274 274 274 274 274 274 274 274 274 274 274 274 274 274 274 273 273 274 273 273 274 273 273 273 273 273 273 273 273 273 273 273 273 273 273 273 273 273 273 273 273 273 273 273 273 272 272 272 272 272 272 272 272 272 272 272 272 272 272 272 272 272 271 271 271 271
276 276 276 276 275 275 275 276 275 275 275 275 275 275 275 275 275 275 275 275 275 275 275 275 275 275 275 275 275 274 274 274 274 274 274 274 274 274 274 274 274 274 274 274 274 274 274 274 274 274 274 274 273 274 273 273 274 273 273 273 273 273 273 273 273 273 273 273 273 273 273 273 273 273 273 273 273 273 273 272 272 272 272 272 272 272 272 272 272 272 272 272 272 272 272 272 271 271 271 271
276 276 276 275 276 275 275 275 275 275 275 275 275 275 275 275 275 275 275 275 275 275 275 275 275 275 275 275 275 274 274 274 274 274 274 274 274 274 274 274 274 274 274 274 274 274 274 274 274 274 274 274 274 273 273 273 273 273 273 273 273 273 273 273 273 273 273 273 273 273 273 273 273 273 273 273 273 273 272 273 272 273 272 272 272 272 272 272 272 272 272 272 272 272 272 272 272 271 272 271
276 276 276 276 276 276 275 275 275 275 275 275 275 275 275 275 275 275 275 275 275 275 275 275 275 275 275 275 275 274 274 274 274 274 274 274 274 274 274 274 274 274 274 274 274 274 274 274 274 274 274 274 273 274 273 273 273 273 273 273 273 273 273 273 273 273 273 273 273 273 273 273 273 273 273 273 273 273 273 273 273 272 273 272 272 272 272 272 272 272 272 272 272 272 272 272 272 271 271 271
276 276 276 276 276 276 275 275 275 275 275 275 275 275 275 275 275 275 275 275 275 275 275 275 275 275 275 275 275 275 275 274 274 274 274 274 274 274 274 274 274 274 274 274 274 274 274 274 274 274 274 273 274 273 273 273 273 273 273 273 273 273 273 273 273 273 273 273 273 273 273 273 273 273 273 273 273 273 273 273 273 273 273 272 272 272 272 272 272 272 272 272 272 272 272 272 272 272 271 271
276 276 276 276 276 276 276 276 276 276 275 276 275 275 275 275 275 275 275 275 275 275 275 275 275 275 275 274 275 274 275 274 275 274 274 274 274 274 274 274 274 274 274 274 274 274 274 274 274 274 274 273 274 274 273 273 273 273 273 273 273 273 273 273 273 273 273 273 273 273 273 273 273 273 273 273 273 273 273 273 273 272 272 272 272 272 272 272 272 272 272 272 272 272 272 272 272 272 271 272
276 276 276 276 276 276 276 276 276 276 275 275 276 275 275 275 275 275 275 275 275 275 275 275 275 275 275 275 275 275 274 274 274 274 274 274 274 274 274 274 274 274 274 274 274 274 274 274 274 274 274 274 273 273 274 273 273 273 273 273 273 273 273 273 273 273 273 273 273 273 273 273 273 273 273 273 273 273 273 273 273 272 273 273 272 272 272 272 272 272 272 272 272 272 272 272 272 272 272 272
276 276 276 276 276 276 276 276 275 275 275 275 275 275 275 275 275 275 275 275 275 275 275 275 275 275 275 275 274 275 275 274 274 275 275 274 274 274 274 274 274 274 274 274 274 274 274 274 274 274 274 274 274 274 274 274 273 274 273 273 273 273 273 273 273 273 273 273 273 273 273 273 273 273 273 273 273 273 273 273 273 273 273 272 272 272 272 272 272 272 272 272 272 272 272 272 272 272 272 271
276 276 276 276 276 276 276 276 276 276 276 275 275 275 275 275 275 275 275 275 275 275 275 275 275 275 275 275 274 275 275 274 275 274 274 274 274 274 274 274 274 274 274 274 274 274 274 274 274 274 274 274 274 274 273 274 274 273 273 273 273 273 273 273 273 273 273 273 273 273 273 273 273 273 273 273 273 273 273 273 273 273 273 272 272 273 272 272 272 272 272 272 272 272 272 272 272 272 272 272
276 276 276 276 276 276 276 276 276 276 276 275 275 275 275 275 275 275 275 275 275 275 275 275 275 275 275 275 275 274 274 274 275 274 274 275 274 274 274 274 274 274 274 274 274 274 274 274 274 274 274 274 274 274 274 274 274 273 273 273 273 273 273 273 273 273 273 273 273 273 273 273 273 273 273 273 273 273 273 273 272 273 272 273 272 272 272 272 272 272 272 272 272 272 272 272 272 272 272 271
276 276 276 276 276 276 276 276 276 276 275 276 276 275 275 275 276 275 275 275 275 275 275 275 275 275 275 275 275 275 275 275 274 275 274 274 274 274 274 274 274 274 274 274 274 274 274 274 274 274 274 274 274 274 274 273 274 273 274 273 274 273 273 273 273 273 273 273 273 273 273 273 273 273 273 273 273 273 273 273 273 272 272 273 272 272 272 272 272 272 272 272 272 272 272 272 272 272 272 271
276 276 276 276 276 276 276 276 276 276 276 276 276 275 276 275 275 276 275 275 275 275 275 275 275 275 275 275 275 275 275 275 275 275 275 275 274 274 274 274 274 274 274 274 274 274 274 274 274 274 274 274 274 274 274 274 274 273 273 273 274 273 273 273 273 273 273 273 273 273 273 273 273 273 273 273 273 273 273 273 273 273 273 273 272 273 272 272 272 272 272 272 272 272 272 272 272 272 272 271
276 276 276 276 276 276 276 276 276 276 276 276 276 275 275 275 275 275 276 275 275 275 275 275 275 275 275 275 275 275 275 275 275 275 275 274 274 274 274 274 274 274 274 274 274 274 274 274 274 274 274 274 274 274 274 274 274 274 274 273 273 273 273 273 273 273 273 273 273 273 273 273 273 273 273 273 273 273 273 273 273 273 273 273 273 272 272 272 272 272 272 272 272 272 272 272 272 272 272 272
276 276 276 276 276 276 276 276 276 276 276 276 276 276 276 275 276 275 275 275 275 275 275 275 275 275 275 275 275 275 275 275 275 275 274 274 274 274 274 274 274 274 274 274 274 274 274 274 274 274 274 274 274 274 274 274 274 274 274 273 273 273 273 273 273 273 273 273 273 273 273 273 273 273 273 273 273 273 273 273 273 273 273 273 273 273 272 272 272 272 272 272 272 272 272 272 272 272 272 272
276 276 276 276 276 276 276 276 276 276 276 276 276 275 276 275 276 275 275 275 275 275 275 275 275 275 275 275 275 275 275 275 275 275 275 275 275 274 274 274 274 274 274 274 274 274 274 274 274 274 274 274 274 274 274 274 274 274 274 273 273 274 273 273 273 273 273 273 273 273 273 273 273 273 273 273 273 273 273 273 273 273 273 273 273 273 273 272 272 272 272 272 272 272 272 272 272 272 272 272
276 276 276 276 276 276 276 276 276 276 276 276 276 276 275 276 276 275 275 275 275 275 275 275 275 275 275 275 275 275 275 275 275 275 275 275 275 275 274 274 274 274 274 274 274 274 274 274 274 274 274 274 274 274 274 274 274 274 273 274 274 274 273 273 273 273 273 273 273 273 273 273 273 273 273 273 273 273 273 273 273 273 273 273 272 273 272 273 272 272 272 272 272 272 272 272 272 272 272 272
276 276 276 276 276 276 276 276 276 276 276 276 276 276 275 276 276 276 276 275 275 275 275 275 275 275 275 275 275 275 275 275 275 275 275 275 275 275 275 274 274 275 274 274 274 274 274 274 274 274 274 274 274 274 274 274 274 274 274 274 274 273 273 273 273 273 273 273 273 273 273 273 273 273 273 273 273 273 273 273 273 273 273 273 273 273 273 272 272 272 272 272 272 272 272 272 272 272 272 272
276 276 276 276 276 276 276 276 276 276 276 276 276 276 276 276 276 275 276 276 275 275 275 275 275 275 275 275 275 275 275 275 275 275 275 275 275 274 275 274 274 274 275 274 274 274 274 274 274 274 274 274 274 274 274 274 274 274 274 274 274 274 273 273 273 273 273 273 273 273 273 273 273 273 273 273 273 273 273 273 273 273 273 273 272 273 272 272 272 272 272 272 272 272 272 272 272 272 272 272
276 277 276 276 276 276 276 276 276 276 276 276 276 276 276 276 276 276 276 275 275 275 275 275 275 275 275 275 275 275 275 275 275 275 275 275 275 275 275 275 275 274 274 274 274 274 274 274 274 274 274 274 274 274 274 274 274 274 274 274 274 274 274 274 273 273 273 273 273 273 273 273 273 273 273 273 273 273 273 273 273 273 273 273 272 272 272 272 273 272 272 272 272 272 272 272 272 272 272 272
276 276 276 276 276 276 276 276 276 276 276 276 276 276 276 276 276 276 276 275 275 275 275 275 275 275 275 275 275 275 275 275 275 275 275 275 275 275 275 275 274 274 274 274 274 274 274 274 274 274 274 274 274 274 274 274 274 274 274 274 274 274 274 274 273 273 273 273 273 273 273 273 273 273 273 273 273 273 273 273 273 273 273 273 273 273 273 272 272 272 272 272 272 272 272 272 272 272 272 272
276 277 276 276 276 276 276 276 276 276 276 276 276 276 276 276 275 275 276 275 276 275 275 275 275 275 275 275 275 275 275 275 275 275 275 275 274 275 275 275 275 274 275 274 274 274 274 274 274 274 274 274 274 274 274 274 274 274 274 274 274 274 274 274 274 273 274 274 273 273 273 273 273 273 273 273 273 273 273 273 273 273 273 273 273 273 272 272 273 272 273 272 272 272 272 272 272 272 272 272
276 277 276 276 276 276 276 276 276 276 276 276 276 276 276 276 276 276 276 276 276 275 275 276 275 275 275 275 275 275 275 275 275 275 275 275 275 275 275 275 274 275 274 275 274 274 274 274 274 274 274 274 274 274 274 274 274 274 274 274 274 274 274 274 274 274 274 274 273 273 273 273 273 273 273 273 273 273 273 273 273 273 273 273 273 273 272 273 273 272 273 273 272 272 272 272 272 272 272 272
277 276 276 277 276 276 276 276 276 276 276 276 276 276 276 276 276 276 275 275 275 275 275 275 276 275 275 275 275 275 275 275 275 275 275 275 275 275 275 275 275 274 274 275 274 274 274 274 274 274 274 274 274 274 274 274 274 274 274 274 274 274 274 274 274 274 274 273 273 273 273 273 273 273 273 273 273 273 273 273 273 273 273 273 273 273 273 273 273 273 273 273 272 272 272 272 272 272 272 272
277 276 277 276 276 276 276 276 275 276 276 276 276 276 276 276 276 276 276 276 275 275 275 275 276 275 275 275 275 275 275 275 275 275 275 275 275 275 275 275 275 275 274 275 275 274 274 274 274 274 274 274 274 274 274 274 274 274 274 274 274 274 274 274 274 274 273 273 273 274 273 273 273 273 273 273 273 273 273 273 273 273 273 273 273 273 273 273 273 273 273 273 273 272 272 272 272 272 272 272
277 277 277 277 276 277 276 276 277 276 276 276 276 276 276 276 276 276 276 275 276 275 276 275 275 275 275 275 275 275 275 275 275 275 275 275 275 275 275 275 275 275 275 275 274 274 274 274 274 274 274 274 274 274 274 274 274 274 274 274 274 274 274 274 274 274 274 273 273 273 273 273 273 273 273 273 273 273 273 273 273 273 273 273 273 273 273 273 273 273 273 273 273 272 272 272 272 272 272 272
277 277 277 276 277 276 276 276 277 277 275 276 275 276 276 276 276 276 276 276 275 276 275 275 275 275 275 275 275 275 275 275 275 275 275 275 275 275 275 275 275 275 275 275 274 275 274 274 274 274 274 274 274 274 274 274 274 274 274 274 274 274 274 274 274 274 274 274 273 273 273 273 273 273 273 273 273 273 273 273 273 273 273 273 273 273 273 273 273 273 273 273 273 272 272 272 273 272 272 272
277 277 277 277 276 276 276 276 276 277 276 276 276 276 276 276 276 276 276 276 276 276 275 275 275 275 275 275 275 275 275 275 275 275 275 275 275 275 275 275 275 275 275 275 274 274 274 274 274 274 274 274 274 274 274 274 274 274 274 274 274 274 274 274 274 274 274 274 273 273 273 273 273 273 273 273 273 273 273 273 273 273 273 273 273 273 273 273 273 273 273 273 273 273 272 272 272 272 272 272
277 277 277 277 277 276 277 276 276 276 276 276 275 275 275 275 275 275 276 276 275 276 275 275 276 276 275 275 275 275 275 275 275 275 275 275 275 275 274 275 275 275 275 275 275 275 275 274 274 274 274 274 274 274 274 274 274 274 274 274 274 274 274 274 274 274 274 274 274 274 273 273 273 273 273 273 273 273 273 273 273 273 273 273 273 273 273 273 273 273 273 273 273 273 272 272 272 272 272 272
277 277 277 277 277 277 277 277 276 276 277 277 276 276 276 276 276 277 276 276 276 275 276 276 275 275 275 275 275 275 275 275 275 275 275 275 275 275 275 275 275 275 275 275 275 274 275 274 275 274 274 274 274 274 274 274 274 274 274 274 274 274 274 274 274 273 274 274 274 274 273 273 274 273 273 273 273 273 273 273 273 273 273 273 273 273 273 273 273 273 273 273 273 273 273 272 273 272 272 272
277 277 277 277 277 277 277 277 277 276 276 276 276 276 276 276 276 276 276 276 276 276 276 276 275 275 275 276 275 275 275 275 275 275 275 275 275 275 275 275 275 275 275 275 275 275 275 275 274 274 274 274 274 274 274 274 274 274 274 274 274 274 274 274 274 274 274 274 274 274 274 273 273 273 273 273 273 273 273 273 273 273 273 273 273 273 273 273 273 273 273 273 273 273 272 272 273 272 272 272
277 277 277 277 277 277 277 277 276 277 276 276 276 276 276 276 276 276 275 275 276 276 276 275 276 276 275 275 276 275 275 275 275 275 275 275 275 275 275 275 275 275 275 275 275 275 275 274 274 274 274 274 274 274 274 274 274 274 274 274 274 274 274 274 274 274 274 274 274 274 273 274 273 273 273 273 273 273 273 273 273 273 273 273 273 273 273 273 273 273 273 273 273 273 272 273 272 272 272 272
277 277 277 277 277 277 277 277 277 276 276 277 276 276 276 276 276 276 276 276 276 276 276 276 276 276 276 276 275 275 275 275 275 275 275 275 275 275 275 275 275 275 275 275 275 275 275 275 275 274 274 274 274 274 274 274 274 274 274 274 274 274 274 274 274 274 274 274 274 274 273 273 273 273 273 273 273 273 273 273 273 273 273 273 273 273 273 273 273 273 273 273 273 273 273 272 272 272 272 272
277 277 277 277 277 277 277 277 277 277 276 277 276 276 276 276 276 276 276 276 276 276 275 276 276 276 276 276 275 276 275 275 275 275 275 275 275 275 275 275 275 275 275 275 275 275 275 275 275 275 274 274 274 274 274 274 274 274 274 274 274 274 274 274 274 274 274 274 274 274 274 273 273 273 273 273 273 273 273 273 273 273 273 273 273 273 273 273 273 273 273 273 273 273 272 272 272 272 272 272
277 277 277 277 277 277 277 277 277 277 277 276 276 276 276 276 276 276 276 276 276 276 276 276 276 276 276 276 276 276 276 276 275 275 275 275 275 275 275 275 275 275 275 275 275 275 275 275 275 275 274 275 275 274 274 274 274 274 274 274 274 274 274 274 274 274 274 274 273 274 274 273 273 274 273 273 273 273 273 273 273 273 273 273 273 273 273 273 273 272 272 273 272 273 272 273 272 272 272 272
277 277 277 277 277 277 277 277 277 277 276 276 276 276 276 276 276 276 276 276 276 276 276 276 276 276 276 276 275 276 276 275 275 275 275 275 275 275 275 275 275 275 275 275 275 275 275 275 275 275 275 275 274 275 274 274 274 274 274 274 274 274 274 274 274 274 274 274 274 274 273 274 273 273 273 273 273 273 273 273 273 273 273 273 273 273 273 273 273 273 273 273 273 272 272 273 272 272 273 272
277 277 277 277 277 277 277 277 277 277 276 276 276 276 276 276 276 276 276 276 276 276 276 276 276 276 276 276 276 276 275 275 275 275 275 275 275 275 275 275 275 275 275 275 275 275 275 275 275 275 275 275 275 275 275 275 274 274 274 274 274 274 274 274 274 274 274 274 274 274 274 274 273 274 274 274 273 273 273 273 273 273 273 273 273 273 273 273 273 273 273 273 272 273 272 272 273 272 273 272
277 277 277 277 277 277 277 277 277 277 277 276 277 276 276 276 276 276 276 276 276 276 276 276 276 276 276 276 276 276 276 275 276 275 275 275 275 275 275 275 275 275 275 275 275 275 275 275 275 275 275 275 275 275 275 275 274 274 274 274 274 274 274 274 274 274 274 274 274 274 274 274 274 274 274 273 274 273 273 273 273 273 273 273 273 273 273 273 273 273 273 273 273 273 273 273 273 273 272 273
277 277 277 277 277 277 277 277 277 277 277 277 277 276 276 276 276 276 276 276 276 276 276 276 276 276 276 276 276 276 276 276 275 276 276 275 275 275 275 275 275 275 275 275 275 275 275 275 275 275 275 275 275 275 274 275 274 274 274 274 274 274 274 274 274 274 274 274 274 274 274 274 274 274 274 274 274 274 273 273 273 273 273 273 273 273 273 273 273 273 273 273 273 273 273 273 273 272 272 273
277 277 277 277 277 277 277 277 277 277 276 277 276 277 276 276 276 276 276 276 276 276 276 276 276 276 276 276 276 276 276 276 276 275 275 275 275 275 275 275 275 275 275 275 275 275 275 275 275 275 275 275 275 275 275 274 275 274 274 274 274 274 274 274 274 274 274 274 274 274 274 274 274 274 274 274 274 274 273 274 273 273 273 273 273 273 273 273 273 273 273 273 273 273 273 273 273 273 272 272
277 277 277 277 277 277 277 277 277 277 277 276 277 276 276 276 276 276 276 276 276 276 276 276 276 276 276 276 276 276 276 276 276 276 276 275 275 275 275 275 275 275 275 275 275 275 275 275 275 275 275 275 275 275 275 275 274 274 274 274 274 274 274 274 274 274 274 274 274 274 274 274 274 274 274 274 274 274 274 273 274 273 273 273 273 273 273 273 273 273 273 273 273 273 273 273 273 273 273 272
277 277 277 277 277 277 277 277 277 277 277 277 276 276 276 276 276 276 276 276 276 276 276 276 276 276 276 276 276 276 276 276 276 276 276 275 275 275 275 275 275 275 275 275 275 275 275 275 275 275 275 275 275 275 275 275 275 275 275 274 274 274 274 274 274 274 274 274 274 274 274 274 274 274 274 274 274 274 274 274 273 273 273 273 273 273 273 273 273 273 273 273 273 273 273 273 273 273 273 273
277 277 277 277 277 277 277 277 277 277 277 277 277 277 276 276 276 276 276 276 276 276 276 276 276 276 276 276 276 276 276 276 276 276 275 276 275 275 275 275 275 275 275 275 275 275 275 275 275 275 275 275 275 275 275 275 275 274 275 274 275 274 274 274 274 274 274 274 274 274 274 274 274 274 274 274 274 274 274 274 274 273 273 273 273 273 273 273 273 273 273 273 273 273 273 273 273 273 273 273
277 277 277 277 277 277 277 277 277 277 277 277 277 277 276 276 276 276 276 276 276 276 276 276 276 276 276 276 276 276 276 276 276 276 276 276 276 276 275 275 275 275 275 275 275 275 275 275 275 275 275 275 275 275 275 275 275 275 274 274 274 274 274 274 274 274 274 274 274 274 274 274 274 274 274 274 274 274 274 274 274 274 274 274 273 273 273 273 273 273 273 273 273 273 273 273 273 273 273 273
277 277 277 277 277 277 277 277 277 277 277 277 277 277 277 276 276 276 276 276 276 276 276 276 276 276 276 276 276 276 276 276 276 276 276 276 275 275 276 275 275 275 275 275 275 275 275 275 275 275 275 275 275 275 275 275 275 274 275 274 275 275 274 274 274 274 274 274 274 274 274 274 274 274 274 274 274 274 274 274 273 274 273 273 273 273 273 273 273 273 273 273 273 273 273 273 273 273 273 273
277 277 277 277 277 277 277 277 277 277 277 277 277 277 277 277 276 276 276 276 276 276 276 276 276 276 276 276 276 276 276 276 276 276 276 276 276 276 276 275 275 275 275 275 275 275 275 275 275 275 275 275 275 275 275 275 275 275 275 274 274 274 274 274 274 274 274 274 274 274 274 274 274 274 274 274 274 274 274 274 274 273 274 273 273 273 273 273 273 273 273 273 273 273 273 273 273 273 273 273
277 277 277 277 277 277 277 277 277 277 277 277 277 277 277 277 277 276 276 276 276 276 276 276 276 276 276 276 276 276 276 276 276 276 276 275 275 276 275 275 276 275 275 275 275 275 275 275 275 275 275 275 275 275 275 275 275 274 274 275 275 274 274 274 274 274 274 274 274 274 274 274 274 274 274 274 274 274 274 274 274 274 274 274 274 273 273 273 273 273 273 273 273 273 273 273 273 273 273 273
277 277 277 277 277 277 277 277 277 277 277 277 277 277 277 277 277 277 276 277 276 276 276 276 276 276 276 276 276 276 276 276 276 276 276 276 276 276 275 275 275 275 275 275 275 275 275 275 275 275 275 275 275 275 275 275 274 275 275 274 274 274 274 274 274 274 274 274 274 274 274 274 274 274 274 274 274 274 274 274 274 273 273 274 273 273 273 273 273 273 273 273 273 273 273 273 273 273 273 273
277 277 277 277 277 277 277 277 277 277 277 277 277 277 277 277 277 277 276 276 277 276 276 276 276 276 276 276 276 276 276 276 276 276 276 276 276 276 275 275 275 275 275 275 275 275 275 275 275 275 275 275 275 275 275 275 275 275 275 274 275 275 275 274 274 274 274 274 274 274 274 274 274 274 274 274 274 274 274 274 274 274 274 274 273 273 273 273 273 273 273 273 273 273 273 273 273 273 273 273
278 277 277 277 277 277 277 277 277 277 277 277 277 277 277 277 277 277 277 277 277 277 276 276 276 276 276 276 276 276 276 276 276 276 276 276 275 275 276 275 275 275 275 275 275 275 275 275 275 275 275 275 275 275 275 275 275 275 275 274 274 274 274 274 274 274 274 274 274 274 274 274 274 274 274 274 274 274 274 274 274 273 274 273 273 273 273 273 273 273 273 273 273 273 273 273 273 273 273 273
278 277 277 277 277 277 277 277 277 277 277 277 277 277 277 277 277 277 277 277 276 277 276 277 276 276 276 276 276 276 276 276 276 276 276 276 276 276 276 275 275 275 275 275 275 275 275 275 275 275 275 275 275 275 275 275 275 275 274 275 275 275 275 275 274 274 274 274 274 274 274 274 274 274 274 274 274 274 274 274 274 274 273 273 273 273 273 273 273 273 273 273 273 273 273 273 273 273 273 273
277 278 277 277 277 277 277 277 277 277 277 277 277 277 277 277 277 277 277 277 277 276 277 277 276 276 276 276 276 276 276 276 276 276 276 276 276 276 276 275 276 275 275 275 275 275 275 275 275 275 275 275 275 275 275 275 275 275 275 275 274 275 274 275 275 274 274 274 274 274 274 274 274 274 274 274 274 274 274 274 274 274 274 274 273 273 273 273 273 273 273 273 273 273 273 273 273 273 273 273
277 277 278 277 277 277 277 277 277 277 277 277 277 277 277 277 277 277 277 277 276 277 276 276 276 276 276 276 276 276 276 276 276 276 276 276 276 276 275 275 275 275 276 275 275 275 275 275 275 275 275 275 275 275 275 275 275 275 275 275 275 275 274 274 274 274 274 274 274 274 274 274 274 274 274 274 274 274 274 274 274 274 274 274 274 274 273 273 273 273 273 273 273 273 273 273 273 273 273 273
278 277 278 278 277 277 277 277 277 277 277 277 277 277 277 277 277 277 277 277 277 277 277 277 276 276 276 276 276 276 276 276 276 276 276 276 276 276 276 276 276 276 276 276 275 275 275 275 275 275 275 275 275 275 275 275 275 275 275 275 275 275 275 274 274 274 274 274 274 274 274 274 274 274 274 274 274 274 274 274 274 274 274 274 273 273 274 273 273 273 273 273 273 273 273 273 273 273 273 273
278 278 278 278 277 277 277 277 277 277 277 277 277 277 277 277 277 277 277 277 277 277 277 276 276 276 276 276 276 276 276 276 276 276 276 276 276 276 276 276 276 276 276 276 275 275 275 275 275 275 275 275 275 275 275 275 275 275 275 275 275 275 274 275 274 274 274 274 274 274 274 274 274 274 274 274 274 274 274 274 274 274 274 274 274 274 274 274 273 273 273 273 273 273 273 273 273 273 273 273
277 277 278 277 278 277 277 277 277 277 277 277 277 277 277 277 277 277 277 277 277 277 276 276 277 276 276 276 276 276 276 276 276 276 276 276 276 276 276 276 275 275 276 276 276 276 275 275 275 275 275 275 275 275 275 275 275 275 275 275 275 275 275 275 275 274 274 274 274 274 274 274 274 274 274 274 274 274 274 274 274 274 274 274 274 274 274 273 274 273 273 273 273 273 273 273 273 273 273 273
